20410884
20585111
21593143
21809362
22203595
22214777
22234905
22256805
22430955
22850513
23089758
23384816
24127258
24154738
24444658
24448487
24795201
24936600
25266287
25266289
25322962
25467560
25467591
25614962
25659285
25847509
26170396
26196502
26196665
26303801
26371152
26423374
26453968
26521268
26569658
26575258
26603202
26778412
26822022
26878268
26926625
27003037
27009831
27025835
27236547
27291249
27351341
27353271
27453546
27537841
27597318
27605597
27720838
27773808
27873094
27923693
28078469
28105744
28128852
28193518
28193664
28228479
28332272
28369411
28412293
28416549
28470815
28498551
28564569
28576451
28595606
28783119
28789880
28941023
28984067
29084747
29091342
29146520
29152781
29221887
29271114
29274188
29274866
29404477
29425396
29425404
29453451
29454794
29461687
29473975
29504692
29599611
30107485
30125371
30127629
30957170
