pubmed
20585111
20585111
20585111
20585111
20585111
20410884
20585111
20410884
20585111
20585111
20585111
20585111
20585111
20585111
20585111
20585111
20585111
20585111
20585111
20410884
20585111
20585111
20410884
20410884
20410884
20410884
20585111
20410884
20585111
20585111
20585111
20585111
20585111
21593143
21593143
21593143
21593143
21593143
21593143
21809362
21809362
21809362
21809362
21809362
21809362
21809362
21809362
21809362
21809362
21809362
21809362
21809362
21809362
21809362
21809362
21809362
21809362
21809362
21809362
21809362
21809362
21809362
21809362
21809362
21809362
21809362
21809362
21809362
21809362
21809362
21809362
22203595
22203595
22203595
22203595
22203595
22203595
22203595
22203595
22214777
22214777
22214777
22214777
22214777
22214777
22234905
22234905
22256805
22256805
22256805
22256805
22256805
22256805
22850513
22850513
22850513
22850513
22850513
22850513
23089758
23089758
23089758
23089758
23384816
23384816
23384816
23384816
23384816
23384816
23384816
23384816
23384816
23384816
23384816
23384816
24448487
24448487
24448487
24448487
24448487
24936600
24936600
24936600
24936600
24936600
24936600
24936600
24936600
24936600
24936600
24936600
24936600
24936600
24936600
26170396
26170396
26170396
26170396
26170396
26170396
26170396
26196502
26196502
26196502
26196502
26196502
26196502
26453968
26453968
26453968
26453968
26453968
26453968
26453968
26453968
26453968
26453968
26822022
26878268
26878268
26878268
26878268
26878268
26878268
26878268
26878268
26878268
26878268
26878268
26878268
26878268
27003037
27003037
27003037
27003037
27003037
27009831
27009831
27009831
27009831
27009831
27009831
27009831
27009831
27009831
27009831
27009831
27009831
27009831
27597318
27597318
27236547
27605597
27605597
27605597
27605597
27605597
27605597
27605597
27605597
27605597
27605597
27605597
27605597
27605597
27605597
27605597
27605597
27605597
27605597
27605597
28369411
28369411
28369411
28369411
28369411
28941023
28941023
28941023
28941023
28941023
28941023
28941023
28941023
28941023
28941023
28941023
28941023
28941023
28941023
29271114
29271114
29271114
29271114
29271114
29271114
29271114
29271114
29271114
29271114
29271114
29274866
29274866
29274866
29274866
29274866
29274866
29274866
29274866
29274866
29274866
29274866
29274866
29274866
29274866
29274866
29274866
29274866
29274866
29274866
29274866
29274866
29274866
29274866
29274866
29274866
29274866
29274866
29274866
29274866
29274866
29274866
29274866
29274866
29274866
29274866
29274866
29274866
29274866
29274866
29274866
29274866
29274866
29274866
29274866
29274866
29274866
29274866
29274866
29274866
29274866
29274866
29274866
29274866
29274866
29274866
29425396
29425396
29425396
29599611
29599611
29599611
30125371
30125371
28078469
28078469
28078469
28078469
28078469
28078469
28078469
28078469
28078469
28078469
28078469
28078469
28078469
28078469
28078469
28078469
28078469
28078469
28078469
28078469
28078469
28078469
28078469
28078469
28078469
28078469
28078469
28078469
28078469
28078469
28078469
28078469
28078469
28078469
28078469
28078469
28078469
28078469
28078469
28078469
28078469
24444658
24444658
24444658
24444658
24444658
24444658
24444658
24444658
24444658
24444658
24444658
24444658
24444658
24444658
24444658
